 86kB
 86kB
 86kB
 86kB
 86kB
 86kB
 86kB
 86kB
 86kB
 86kB
 0B
 0B
 0B
 0B
 0B
 0B
 0B
 0B
 0B
 0B
 86kB
 86kB
 86kB
 86kB
 86kB
 86kB
 86kB
 86kB
 86kB
 86kB
 86kB
 86kB
 86kB
 86kB
 86kB
 86kB
 86kB
 86kB
 86kB
 86kB
 86kB
 86kB
 86kB
 86kB
 86kB
 86kB
 86kB
 86kB
 86kB
 86kB
 86kB
 86kB
 86kB
 86kB
 86kB
 86kB
 86kB
 86kB
 86kB
 86kB
 86kB
 86kB
 86kB
 86kB
 86kB
 86kB
 86kB
 86kB
 86kB
 86kB
 86kB
 86kB
 86kB
 86kB
 86kB
 86kB
 86kB
 86kB
 86kB
 86kB
 86kB
 86kB
 86kB
 86kB
 86kB
 86kB
 86kB
 86kB
 86kB
 86kB
 86kB
 86kB
 86kB
 86kB
 86kB
 86kB
 86kB
 86kB
 86kB
 86kB
 86kB
 86kB
 86kB
 86kB
 86kB
 86kB
 86kB
 86kB
 86kB
 86kB
 86kB
 86kB
 86kB
 86kB
 86kB
 86kB
 86kB
 86kB
 86kB
 86kB
 86kB
 86kB
 86kB
 86kB
 86kB
 86kB
 86kB
 86kB
 86kB
 86kB
 86kB
 86kB
 86kB
 86kB
 86kB
 86kB
 86kB
 86kB
 86kB
 86kB
 86kB
 86kB
 86kB
 86kB
 86kB
 86kB
 86kB
 86kB
 86kB
 86kB
 86kB
 86kB
 86kB
 86kB
 86kB
 86kB
 86kB
 86kB
 86kB
 86kB
 86kB
 86kB
 86kB
 86kB
 86kB
 86kB
 86kB
 86kB
 86kB
 86kB
 86kB
 86kB
 86kB
 86kB
 86kB
 86kB
 86kB
 86kB
 86kB
 86kB
 86kB
 86kB
 86kB
 86kB
 86kB
 86kB
 86kB
 86kB
 86kB
 86kB
 86kB
 86kB
 86kB
 86kB
 86kB
 86kB
 86kB
 86kB
 86kB
 86kB
 86kB
 86kB
 86kB
 86kB
 86kB
 86kB
 86kB
 86kB
 86kB
 86kB
 86kB
 86kB
 86kB
 86kB
 86kB
 86kB
 86kB
 86kB
 86kB
 86kB
 86kB
 86kB
 86kB
 86kB
 86kB
 86kB
 86kB
 86kB
 86kB
 86kB
 86kB
 86kB
 86kB
 86kB
 86kB
 86kB
 86kB
 86kB
 86kB
 86kB
 86kB
 86kB
 86kB
 86kB
 86kB
 86kB
 0B
 0B
 0B
 0B
 0B
 0B
 0B
 0B
 0B
 0B
 0B
 0B
 0B
 0B
 0B
 0B
 0B
 0B
 0B
 0B
 0B
 0B
 0B
 0B
 0B
 0B
 0B
 0B
 0B
 0B
 0B
 0B
 0B
 0B
 0B
 0B
 0B
 0B
 0B
 0B
 0B
 0B
 0B
 0B
 0B
 0B
 0B
 0B
 0B
 0B
 0B
 0B
 0B
 0B
 0B
 0B
 0B
 0B
 0B
 0B
 0B
 0B
 0B
 0B
 0B
 0B
 0B
 0B
 0B
 0B
 0B
 0B
 0B
 0B
 0B
 0B
 0B
 0B
 0B
 0B
 0B
 0B
 0B
 0B
 0B
 0B
 0B
 0B
 0B
 0B
 0B
 0B
 0B
 0B
 0B
 0B
 0B
 0B
 0B
 0B
 0B
 0B
 0B
 0B
 0B
 0B
 0B
 0B
 0B
 0B
 0B
 0B
 0B
 0B
 0B
 0B
 0B
 0B
 0B
 0B
 0B
 0B
 0B
 0B
 0B
 0B
 0B
 0B
 0B
 0B
 0B
 0B
 0B
 0B
 0B
 0B
 0B
 0B
 0B
 0B
 0B
 0B
 0B
 0B
 0B
 0B
 0B
 0B
 0B
 0B
 0B
 0B
 0B
 0B
 0B
 0B
 0B
 0B
 0B
 0B
 0B
 0B
 0B
 0B
 0B
 0B
 0B
 0B
 0B
 0B
 0B
 0B
 0B
 0B
 0B
 0B
 0B
 0B
 0B
 0B
 0B
 0B
 0B
 0B
 0B
 0B
 0B
 0B
 0B
 0B
 0B
 0B
 0B
 0B
 0B
 0B
 0B
 0B
 0B
 0B
 0B
 0B
 0B
 0B
 0B
 0B
 0B
 0B
 0B
 0B
 0B
 0B
 0B
 0B
 0B
 0B
 0B
 0B
 0B
 0B
 0B
 0B
 0B
 0B
 0B
 0B
 0B
 0B
 0B
 0B
 0B
 0B
 0B
 0B
 0B
 0B
 0B
 0B
 0B
 0B
 0B
 0B
 0B
 0B
